0000000000000000000000000000000000000000
0000000000000000000000000000000000000000
0000000000000000000110000000000000000000
0000000000000000001111000000000000000000
0000000000000000001001000000000000000000
0000000000001111111111111111000000000000
0000000000001100110000110011000000000000
0000000000000100100000010010000000000000
0000000000000111000000001110000000000000
0000000000000011000000001100000000000000
0000000000000011000000001100000000000000
0000000000000100100000011010000000000000
0000000000001100100000010011000000000000
0000000000001111111111111111000000000000
0000000000000000001001000000000000000000
0000000000000000001001000000000000000000
0000000000000000000110000000000000000000
0000000000000000000000000000000000000000
0000000000000000000000000000000000000000
0000000000000000000000000000000000000000
0000000000000000000000000000000000000000

