0000000001111111111000000000
0000000011111011111000000000
0000000010110011011000000000
0000000010111111011000000000
0000000010111111011000000000
0000000001111111111000000000
0000000001111111110000000000
0000000001111111110000000000
0000000011111111111000000000
0000000111111111111000000000
0000000111111111111100000000
0000001111111111111100000000
0000001101111111011110000000
0000011011111111101110000000
0000010111111111110111000000
0000011111111111110111100000
0000011111011110110111100000
0000101011111110111111110000
0000111111110110111011111100
0011111111110110111010111100
0010110111110010011011000000
0001111111100010011001110000
0011111111000011011000000000
0011011011000011001100000000
0000011010000000001100000000
0000010000000000000100000000
0000000000000000000000000000
0000000000000000000000000000
0000000000000000000000000000
0000000000000000000000000000
0000000000000000000000000000
0000000000000000000000000000
0000000000000000000000000000
0000000000000000000000000000
0000000000000000000000000000
0000000000000000000000000000
0000000000000000000000000000
0000000000000000000000000000
0000000000000000000000000000
0000000000000000000000000000
