0000000000000000000000000000000000000000
0000000000000000000000000000000000000000
0000000000000000000000000000000000000000
0000000000000000000000000000000000000000
0000000000000000000000000000000000000000
0000000000000000000000000000000000000000
0000000000001111100000001111110000000000
0000000000111111111000011111111100000000
0000000011111111111100111111111110000000
0000000011111111111111111111111110000000
0000000011111111111111111111111111000000
0000000111111111111111111111111111100000
0000000111111111111111111111111111100000
0000000111111111111111111111111111100000
0000000111111111111111111111111111100000
0000000011111111111111111111111110000000
0000000011111111111111111111111110000000
0000000001111111111111111111111100000000
0000000000111111111111111111111100000000
0000000000011111111111111111111000000000
0000000000001111111111111111100000000000
0000000000000011111111111111000000000000
0000000000000001111111111110000000000000
0000000000000001111111111100000000000000
0000000000000000011111111000000000000000
0000000000000000001111110000000000000000
0000000000000000000111100000000000000000
0000000000000000000011000000000000000000
0000000000000000000000000000000000000000
0000000000000000000000000000000000000000
