
00000000000000000000000000000000000000000000000000000000000000000000000000000000000000000000000000000000000000000000000000000000000000000000000000000000000000000000000000000000000000000000000000000000
00000000000000000000000000111100000000000000000011100000000000000000000000000000000000001110000000000000000001111000000000000000000000000000000000000111000000000000000000011100000000000000000000000000
00000000000000000000000000111100000000000000000011100000000000000000000000000000000000001110000000000000000001111000000000000000000000000000000000000111000000000000000000111100000000000000000000000000
00000000000000000000000000000011100000000000111100000000000000000000000000000000000000000001111000000000001110000000000000000000000000000000000000000000111100000000000111000000000000000000000000000000
00000000000000000000000000111111111111111111111111100000000000000000000000000000000000001111111111111111111111110000000000000000000000000000000000000111111111111111111111111100000000000000000000000000
00000000000000000000000000111111111111111111111111110000000000000000000000000000000000011111111111111111111111111000000000000000000000000000000000000111111111111111111111111100000000000000000000000000
00000000000000000000000111111100011111111111000011111110000000000000000000000000000011111110000111111111110001111111000000000000000000000000000001111111000011111111111000111111110000000000000000000000
00000000000000000001111111111111111111111111111111111111110000000000000000000000011111111111111111111111111111111111111100000000000000000000001111111111111111111111111111111111111110000000000000000000
00000000000000000001111111111111111111111111111111111111111000000000000000000000111111111111111111111111111111111111111100000000000000000000011111111111111111111111111111111111111110000000000000000000
00000000000000000001111000111111111111111111111111110001111000000000000000000000111100011111111111111111111111111000111100000000000000000000011110000111111111111111111111111100001110000000000000000000
00000000000000000001111000111100000000000000000111110001111000000000000000000000111100011110000000000000000001111000111100000000000000000000011110000111100000000000000000111100001110000000000000000000
00000000000000000001110000111100000000000000000011100001111000000000000000000000111100011110000000000000000001111000111100000000000000000000001110000111000000000000000000111100001110000000000000000000
00000000000000000000000000000011111110000111111100000000000000000000000000000000000000000001111111000011111110000000000000000000000000000000000000000000111111110001111111000000000000000000000000000000
00000000000000000000000000000000000000000100001000000000000000000000000000000000000000000000100001000000000000000000000000000000000000000000000000000000010000100000100001000000000000000000000000000000
00000000000000000000000000000000000000000000000000000000000000000000000000000000000000000000000000000000000000000000000000000000000000000000000000000000000000000000000000000000000000000000000000000000
00000000000000000000000000000000000000000000000000000000000000000000000000000000000000000000000000000000000000000000000000000000000000000000000000000000000000000000000000000000000000000000000000000000
00000000000000000000000000000000000000000000000000000000011100000000000000000001110000000000000000000000000000000000000001110000000000000000000111000000000000000000000000000000000000000000000000000000
00000000000000000000000000000000000000000000000000000000011100000000000000000011110000000000000000000000000000000000000001110000000000000000001111000000000000000000000000000000000000000000000000000000
00000000000000000000000000000000000000000000000000000000000011110000000000011100000000000000000000000000000000000000000000001111000000000001110000000000000000000000000000000000000000000000000000000000
00000000000000000000000000000000000000000000000000000000011111111111111111111111110000000000000000000000000000000000000001111111111111111111111111000000000000000000000000000000000000000000000000000000
00000000000000000000000000000000000000000000000000000000011111111111111111111111110000000000000000000000000000000000000001111111111111111111111111000000000000000000000000000000000000000000000000000000
00000000000000000000000000000000000000000000000000000111111100001111111111100011111111000000000000000000000000000000011111110000111111111110001111111100000000000000000000000000000000000000000000000000
00000000000000000000000000000000000000000000000000111111111111111111111111111111111111111000000000000000000000000011111111111111111111111111111111111111100000000000000000000000000000000000000000000000
00000000000000000000000000000000000000000000000001111111111111111111111111111111111111111000000000000000000000000111111111111111111111111111111111111111100000000000000000000000000000000000000000000000
00000000000000000000000000000000000000000000000001111000011111111111111111111111110000111000000000000000000000000111100001111111111111111111111111000011100000000000000000000000000000000000000000000000
00000000000000000000000000000000000000000000000001111000011110000000000000000011110000111000000000000000000000000111100001111000000000000000001111000011100000000000000000000000000000000000000000000000
00000000000000000000000000000000000000000000000000111000011100000000000000000011110000111000000000000000000000000011100001110000000000000000001111000011100000000000000000000000000000000000000000000000
00000000000000000000000000000000000000000000000000000000000011111110000111111100000000000000000000000000000000000000000000001111111000011111110000000000000000000000000000000000000000000000000000000000
00000000000000000000000000000000000000000000000000000000000001111110000011111100000000000000000000000000000000000000000000000111111000001111110000000000000000000000000000000000000000000000000000000000
00000000000000000000000000000000000000000000000000000000000000000000000000000000000000000000000000000000000000000000000000000000000000000000000000000000000000000000000000000000000000000000000000000000
00000000000000000000000000000000000000000000000000000000000000000000000000000000000000000000000000000000000000000000000000000000000000000000000000000000000000000000000000000000000000000000000000000000
00000000000000000000000000011000000000000000000001100000000000000000000000000000000000001100000000000000000000110000000000000000000000000000000000000101000000000000000000011000000000000000000000000000
00000000000000000000000000111100000000000000000011100000000000000000000000000000000000011110000000000000000001111000000000000000000000000000000000000111000000000000000000111100000000000000000000000000
00000000000000000000000000000011100000000000111100000000000000000000000000000000000000000001110000000000001110000000000000000000000000000000000000000000111100000000000111000000000000000000000000000000
00000000000000000000000000000111110000000000111100000000000000000000000000000000000000000001111000000000011111000000000000000000000000000000000000000000111100000000001111100000000000000000000000000000
00000000000000000000000000111111111111111111111111110000000000000000000000000000000000011111111111111111111111111000000000000000000000000000000000000111111111111111111111111100000000000000000000000000
00000000000000000000000111111100011111111111000011111110000000000000000000000000000011111110000111111111110001111111000000000000000000000000000001111111000011111111111000111111100000000000000000000000
00000000000000000000001111111100011111111111100011111110000000000000000000000000000011111110001111111111110001111111100000000000000000000000000001111111100011111111111000111111110000000000000000000000
00000000000000000001111111111111111111111111111111111111111000000000000000000000111111111111111111111111111111111111111100000000000000000000011111111111111111111111111111111111111110000000000000000000
00000000000000000001111000111111111111111111111111110001111000000000000000000000111100011111111111111111111111111000111100000000000000000000011110001111111111111111111111111100001110000000000000000000
00000000000000000001111000111111111111111111111111110001111000000000000000000000111100011111111111111111111111111000111100000000000000000000011110000111111111111111111111111100001110000000000000000000
00000000000000000001111000111100000000000000000011110001111000000000000000000000111100011110000000000000000001111000111100000000000000000000011110000111000000000000000000111100001110000000000000000000
00000000000000000000000000000011111110000111111100000000000000000000000000000000000000000001111111000011111110000000000000000000000000000000000000000000111111100001111111000000000000000000000000000000
00000000000000000000000000000011111110000111111100000000000000000000000000000000000000000001111111000011111110000000000000000000000000000000000000000000111111100001111111000000000000000000000000000000
00000000000000000000000000000000000000000000000000000000000000000000000000000000000000000000000000000000000000000000000000000000000000000000000000000000000000000000000000000000000000000000000000000000
00000000000000000000000000000000000000000000000000000000000000000000000000000000000000000000000000000000000000000000000000000000000000000000000000000000000000000000000000000000000000000000000000000000
00000000000000000000000000000000000000000000000000000000000000000000000000000000000000000000000000000000000000000000000000000000000000000000000000000000000000000000000000000000000000000000000000000000


