
0000000000000000000000000000000000000000
0000000000000000000000000000000000000000
0000000000111000000000000001110000000000
0000000000111000000000000001110000000000
0000000000000110000000000110000000000000
0000000000000111000000001110000000000000
0000000000000111000000001110000000000000
0000000000111111111111111111110000000000
0000000000111111111111111111110000000000
0000000000111111111111111111110000000000
0000000111111000111111110001111110000000
0000000111111000111111110001111110000000
0000000111111000111111110001111110000000
0000111111111111111111111111111111110000
0000111111111111111111111111111111110000
0000111111111111111111111111111111110000
0000111000111111111111111111110001110000
0000111000111111111111111111110001110000
0000111000111111111111111111110001110000
0000111000111000000000000001110001110000
0000111000111000000000000001110001110000
0000011000011111110000111111100001100000
0000000000000111111001111110000000000000
0000000000000111111001111110000000000000
0000000000000000000000000000000000000000
0000000000000000000000000000000000000000

