000000000000000000000000000000000000000000000000000000000000
000000000000000000000000000000000000000000000000000000000000
000000000000000000000000000000000000000000000000000000000000
000000000001100000000000000000000001100000000000000000000000
000000000001100000000000000000000001100000000000000000000000
000000000001100000000000000000000001100000000000000000000000
0000000000011000000000000000000000011000000000110000
0000000000011000000000000000000000011000000000110000
0000000000011000000000000000000000011110000000110000
0000000000111000000000000000000000011000000000110000
0000000000111001100000000000001100011000000000110000
0000000001111001100000011100001100011000000000110001
0000000001111001100000001100001100011000000000110001
0000000001111001100000000100001100011000000011110001
0000000001111001100000011100001100011000000000110001
0111111111111111111100011000001100011000000000110001
0111111111111111111100011000001100011000000000110001
0111111111111111111100011000001100011000000000110001
0000000000000000001100011100001100011000000000110001
0000000000000000001111111111111111111111111111111111
0000000000000000001111111111111111111111111111111111
0000000000000000001111111111111111111111111111111111
0000000000000000001100000000000000000000110000000001
0000000000000000001100000000000000000000110000000001
0000000000000000001100000000000000000000110000000000
0000000000000000001100000000000000000000000000000000
0000000000000000001100000000000000000000000000000000
0000000000000000001100000000000000000000000000000000
0000000000000000000000000000000000000000000000000000
0000000000000000000000000000000000000000000000000000
0000000000000000000000000000000000000000000000000000
0000000000000000000000000000000000000000000000000000
0000000000000000000000000000000000000000000000000000
0000000000000000000000000000000000000000000000000000
0000000000000000000000000000000000000000000000000000
0000000000000000000000000000000000000000000000000000
0000000000000000000000000000000000000000000000000000
0000000000000000000000000000000000000000000000000000
0000000000000000000000000000000000000000000000000000
0000000000000000000000000000000000000000000000000000
0000000000000000000000000000000000000000000000000000
0000000000000000000000000000000000000000000000000000
0000000000000000000000000000000000000000000000000000
0000000000000000000000000000000000000000000000000000
0000000000000000000000000000000000000000000000000000
